-1 -1 -1 -1 -1 -1 -1 -1 -1 -1 -1 -1 -1 -1 -1 -1 -1 -1 -1 -1 -1 -1 -1 -1 -1 -1 -1 -1 
-1 0 1 2 3 4 5 6 7 8 9 10 11 -1 -1 12 13 14 15 16 17 18 19 20 21 22 23 -1 
-1 24 -1 -1 -1 -1 25 -1 -1 -1 -1 -1 26 -1 -1 27 -1 -1 -1 -1 -1 28 -1 -1 -1 -1 29 -1 
-1 30 -1 -5 -5 -1 31 -1 -5 -5 -5 -1 32 -1 -1 33 -1 -5 -5 -5 -1 34 -1 -5 -5 -1 35 -1 
-1 36 -1 -1 -1 -1 37 -1 -1 -1 -1 -1 38 -1 -1 39 -1 -1 -1 -1 -1 40 -1 -1 -1 -1 41 -1 
-1 42 43 44 45 46 47 48 49 50 51 52 53 54 55 56 57 58 59 60 61 62 63 64 65 66 67 -1 
-1 68 -1 -1 -1 -1 69 -1 -1 70 -1 -1 -1 -1 -1 -1 -1 -1 71 -1 -1 72 -1 -1 -1 -1 73 -1 
-1 74 -1 -1 -1 -1 75 -1 -1 76 -1 -1 -1 -1 -1 -1 -1 -1 77 -1 -1 78 -1 -1 -1 -1 79 -1 
-1 80 81 82 83 84 85 -1 -1 86 87 88 89 -1 -1 90 91 92 93 -1 -1 94 95 96 97 98 99 -1 
-1 -1 -1 -1 -1 -1 100 -1 -1 -1 -1 -1 101 -1 -1 102 -1 -1 -1 -1 -1 103 -1 -1 -1 -1 -1 -1 
-5 -5 -5 -5 -5 -1 104 -1 -1 -1 -1 -1 105 -1 -1 106 -1 -1 -1 -1 -1 107 -1 -5 -5 -5 -5 -5 
-5 -5 -5 -5 -5 -1 108 -1 -1 109 110 111 112 113 114 115 116 117 118 -1 -1 119 -1 -5 -5 -5 -5 -5 
-5 -5 -5 -5 -5 -1 120 -1 -1 121 -1 -1 -1 122 123 -1 -1 -1 124 -1 -1 125 -1 -5 -5 -5 -5 -5 
-1 -1 -1 -1 -1 -1 126 -1 -1 127 -1 303 304 305 306 307 308 -1 128 -1 -1 129 -1 -1 -1 -1 -1 -1 
130 131 132 133 134 135 136 137 138 139 -1 314 313 312 311 310 309 -1 140 141 142 143 144 145 146 147 148 149 
-1 -1 -1 -1 -1 -1 150 -1 -1 151 -1 315 316 317 318 319 320 -1 152 -1 -1 153 -1 -1 -1 -1 -1 -1 
-5 -5 -5 -5 -5 -1 154 -1 -1 155 -1 -1 -1 -1 -1 -1 -1 -1 156 -1 -1 157 -1 -5 -5 -5 -5 -5 
-5 -5 -5 -5 -5 -1 158 -1 -1 159 160 161 162 163 164 165 166 167 168 -1 -1 169 -1 -5 -5 -5 -5 -5 
-5 -5 -5 -5 -5 -1 170 -1 -1 171 -1 -1 -1 -1 -1 -1 -1 -1 172 -1 -1 173 -1 -5 -5 -5 -5 -5 
-1 -1 -1 -1 -1 -1 174 -1 -1 175 -1 -1 -1 -1 -1 -1 -1 -1 176 -1 -1 177 -1 -1 -1 -1 -1 -1 
-1 178 179 180 181 182 183 184 185 186 187 188 189 -1 -1 190 191 192 193 194 195 196 197 198 199 200 201 -1 
-1 202 -1 -1 -1 -1 203 -1 -1 -1 -1 -1 204 -1 -1 205 -1 -1 -1 -1 -1 206 -1 -1 -1 -1 207 -1 
-1 208 -1 -1 -1 -1 209 -1 -1 -1 -1 -1 210 -1 -1 211 -1 -1 -1 -1 -1 212 -1 -1 -1 -1 213 -1 
-1 214 215 216 -1 -1 217 218 219 220 221 222 223 224 225 226 227 228 229 230 231 232 -1 -1 233 234 235 -1 
-1 -1 -1 236 -1 -1 237 -1 -1 238 -1 -1 -1 -1 -1 -1 -1 -1 239 -1 -1 240 -1 -1 241 -1 -1 -1 
-1 -1 -1 242 -1 -1 243 -1 -1 244 -1 -1 -1 -1 -1 -1 -1 -1 245 -1 -1 246 -1 -1 247 -1 -1 -1 
-1 248 249 250 251 252 253 -1 -1 254 255 256 257 -1 -1 258 259 260 261 -1 -1 262 263 264 265 266 267 -1 
-1 268 -1 -1 -1 -1 -1 -1 -1 -1 -1 -1 269 -1 -1 270 -1 -1 -1 -1 -1 -1 -1 -1 -1 -1 271 -1 
-1 272 -1 -1 -1 -1 -1 -1 -1 -1 -1 -1 273 -1 -1 274 -1 -1 -1 -1 -1 -1 -1 -1 -1 -1 275 -1 
-1 276 277 278 279 280 281 282 283 284 285 286 287 288 289 290 291 292 293 294 295 296 297 298 299 300 301 -1 
-1 -1 -1 -1 -1 -1 -1 -1 -1 -1 -1 -1 -1 -1 -1 -1 -1 -1 -1 -1 -1 -1 -1 -1 -1 -1 -1 -1 
