-1 -1 -1 -1 -1 -1 -1 -1 -1 -1 -1 -1 -1 -1 -1 -1 -1 -1 -1 -1 -1 -1 -1 -1 -1 -1 -1 -1
-1 00 01 02 03 04 05 06 07 08 09 10 11 -1 -1 14 15 16 17 18 19 20 21 22 23 24 25 -1
-1 00 -1 -1 -1 -1 05 -1 -1 -1 -1 -1 11 -1 -1 14 -1 -1 -1 -1 -1 20 -1 -1 -1 -1 25 -1
-1 00 -1 -5 -5 -1 05 -1 -5 -5 -5 -1 11 -1 -1 14 -1 -5 -5 -5 -1 20 -1 -5 -5 -1 25 -1
-1 00 -1 -1 -1 -1 05 -1 -1 -1 -1 -1 11 -1 -1 14 -1 -1 -1 -1 -1 20 -1 -1 -1 -1 25 -1
-1 00 01 02 03 04 05 06 07 08 09 10 11 12 13 14 15 16 17 18 19 20 21 22 23 24 25 -1
-1 00 -1 -1 -1 -1 05 -1 -1 08 -1 -1 -1 -1 -1 -1 -1 -1 17 -1 -1 20 -1 -1 -1 -1 25 -1
-1 00 -1 -1 -1 -1 05 -1 -1 08 -1 -1 -1 -1 -1 -1 -1 -1 17 -1 -1 20 -1 -1 -1 -1 25 -1
-1 00 01 02 03 04 05 -1 -1 08 09 10 11 -1 -1 14 15 16 17 -1 -1 20 21 22 23 24 25 -1
-1 -1 -1 -1 -1 -1 05 -1 -1 -1 -1 -1 11 -1 -1 14 -1 -1 -1 -1 -1 20 -1 -1 -1 -1 -1 -1
-5 -5 -5 -5 -5 -1 05 -1 -1 -1 -1 -1 11 -1 -1 14 -1 -1 -1 -1 -1 20 -1 -5 -5 -5 -5 -5 
-5 -5 -5 -5 -5 -1 05 -1 -1 08 09 10 11 12 13 14 15 16 17 -1 -1 20 -1 -5 -5 -5 -5 -5
-5 -5 -5 -5 -5 -1 05 -1 -1 08 -1 -1 -1 12 13 -1 -1 -1 17 -1 -1 20 -1 -5 -5 -5 -5 -5
-1 -1 -1 -1 -1 -1 05 -1 -1 08 -1 -5 -5 -5 -5 -5 -5 -1 17 -1 -1 20 -1 -1 -1 -1 -1 -1
01 00 01 02 03 04 05 06 07 08 -1 -5 -5 -5 -5 -5 -5 -1 17 18 19 20 21 22 23 24 25 26
-1 -1 -1 -1 -1 -1 05 -1 -1 08 -1 -5 -5 -5 -5 -5 -5 -1 17 -1 -1 20 -1 -1 -1 -1 -1 -1 
-5 -5 -5 -5 -5 -1 05 -1 -1 08 -1 -1 -1 -1 -1 -1 -1 -1 17 -1 -1 20 -1 -5 -5 -5 -5 -5
-5 -5 -5 -5 -5 -1 05 -1 -1 08 09 10 11 12 13 14 15 16 17 -1 -1 20 -1 -5 -5 -5 -5 -5
-5 -5 -5 -5 -5 -1 05 -1 -1 08 -1 -1 -1 -1 -1 -1 -1 -1 17 -1 -1 20 -1 -5 -5 -5 -5 -5
-1 -1 -1 -1 -1 -1 05 -1 -1 08 -1 -1 -1 -1 -1 -1 -1 -1 17 -1 -1 20 -1 -1 -1 -1 -1 -1
-1 00 01 02 03 04 05 06 07 08 09 10 11 -1 -1 14 15 16 17 18 19 20 21 22 23 24 25 -1
-1 00 -1 -1 -1 -1 05 -1 -1 -1 -1 -1 11 -1 -1 14 -1 -1 -1 -1 -1 20 -1 -1 -1 -1 25 -1
-1 00 -1 -1 -1 -1 05 -1 -1 -1 -1 -1 11 -1 -1 14 -1 -1 -1 -1 -1 20 -1 -1 -1 -1 25 -1
-1 00 01 02 -1 -1 05 06 07 08 09 10 11 12 13 14 15 16 17 18 19 20 -1 -1 23 24 25 -1
-1 -1 -1 02 -1 -1 05 -1 -1 08 -1 -1 -1 -1 -1 -1 -1 -1 17 -1 -1 20 -1 -1 23 -1 -1 -1
-1 -1 -1 02 -1 -1 05 -1 -1 08 -1 -1 -1 -1 -1 -1 -1 -1 17 -1 -1 20 -1 -1 23 -1 -1 -1
-1 00 01 02 03 04 05 -1 -1 08 09 10 11 -1 -1 14 15 16 17 -1 -1 20 21 22 23 24 25 -1
-1 00 -1 -1 -1 -1 -1 -1 -1 -1 -1 -1 11 -1 -1 14 -1 -1 -1 -1 -1 -1 -1 -1 -1 -1 25 -1
-1 00 -1 -1 -1 -1 -1 -1 -1 -1 -1 -1 11 -1 -1 14 -1 -1 -1 -1 -1 -1 -1 -1 -1 -1 25 -1
-1 00 01 02 03 04 05 06 07 08 09 10 11 12 13 14 15 16 17 18 19 20 21 22 23 24 25 -1
-1 -1 -1 -1 -1 -1 -1 -1 -1 -1 -1 -1 -1 -1 -1 -1 -1 -1 -1 -1 -1 -1 -1 -1 -1 -1 -1 -1